test
1  14.870   13.830    7.022   90.000  108.630   90.000
    x, y, z
    -x, y, -z+1/2
    x+1/2, y+1/2, z
    -x+1/2, y+1/2, -z+1/2
    -x, -y, -z
    x, -y, z-1/2
    -x+1/2, -y+1/2, -z
1   x+1/2, -y+1/2, z-1/2
H4A                          0.22830 -0.53530  0.27980        0
  0.10000                                                     7
H6A                          0.20950 -0.24730  0.27570        0
  0.10000                                                     7
H1                           0.13200 -0.08420 -0.04240        0
  0.10000                                                     7
H5A                          0.29820 -0.38620  0.28790        0
  0.10000                                                     7
H7A                          0.07680 -0.63290  0.25990        0
  0.10000                                                     7
H32                          0.09070 -0.05140  0.31300        0
  0.10000                                                     7
H31                          0.09020 -0.09480  0.13210        0
  0.10000                                                     7
C2                           0.04873 -0.39789  0.25720        0
  0.03040  0.02010  0.02070  0.00080  0.00920  0.00000        8
C3                           0.09730 -0.48540  0.26270        0
  0.04430  0.02740  0.02440  0.00960  0.00950  0.00010        8
C7                           0.04570 -0.57420  0.25590        0
  0.06600  0.01640  0.03420  0.00920  0.00960 -0.00110        8
C6                           0.18080 -0.30720  0.27320        0
  0.02890  0.03940  0.03980 -0.00030  0.01380 -0.00250        8
C5                           0.23470 -0.39080  0.28010        0
  0.03020  0.05700  0.04510  0.01180  0.01520 -0.00060        8
C4                           0.19310 -0.47920  0.27500        0
  0.04440  0.04190  0.04050  0.02230  0.01410  0.00170        8
N1                           0.09025 -0.31016  0.26330        0
  0.02730  0.02470  0.02780  0.00090  0.01230  0.00010        8
O3                           0.09796 -0.10365  0.25710        0
  0.03690  0.02080  0.02830 -0.00480  0.01280 -0.00290        8
O2                          -0.03678 -0.19829 -0.11880        0
  0.04790  0.02780  0.03010 -0.01050  0.01770  0.00150        8
O1                           0.07624 -0.07579 -0.12340        0
  0.03760  0.02580  0.03040 -0.00570  0.01300  0.00050        8
P1                           0.00000 -0.13928 -0.25000        0
  0.03110  0.01380  0.02040  0.00000  0.01350  0.00000        8
Cu1                          0.00000 -0.20066  0.25000        0
  0.02620  0.01500  0.03350  0.00000  0.01292  0.00000        8
ORIG                         0.00000  0.00000  0.00000        7
  0.01000  0.00000  0.00000  0.00000  0.00000  0.00000        0
CELLMDPT                     0.50000  0.50000  0.50000        0
  0.00000  0.00000  0.00000  0.00000  0.00000  0.00000        0
CENTROID                     0.11335 -0.29972  0.17833        0
1 0.00000  0.00000  0.00000  0.00000  0.00000  0.00000        0
# Set plot boundary, margin and view distance
# [F9:W, F9:H, F9:VD, F9:MRGN]
  0   301   10.700    8.200   30.000    0.300
# Initialise plotter
  0   201
# Set pen color [I9:COLOR]
  0   204        0
# Set pen width [F9:WIDTH]
  0   205     1.00
# Store origin atoms for cell outline
  0   401  2055501 -2066601
# Add all atoms in box of enclosure
# [2F9:ADRO, 2F9:ANRT, F9:A/2, F9:B/2, F9:C/2]
  0   404  2155501  2155501        1       19    0.500    0.500    0.500
# Complete cell [2I9:ANRO, 2I9:ANRT, F9:DMAX]
# [2I3:ANRO, 2I3:ANRT, I3:TYPE, F6:DMIN, F6:DMAX]
  2   406        1       19        1       19    4.000
  2        1  7  1  7  0  0.65  0.71
  2        1  7  8 13  0  0.65  1.16
  2        1  7 14 14  0  0.65  1.16
  2        1  7 15 17  0  0.65  1.16
  2        1  7 18 18  0  0.65  1.53
  2        1  7 19 19  0  0.65  2.00
  2        8 13  1  7  0  0.65  1.16
  2        8 13  8 13  0  0.65  1.61
  2        8 13 14 14  0  0.65  1.61
  2        8 13 15 17  0  0.65  1.61
  2        8 13 18 18  0  0.65  1.98
  2        8 13 19 19  0  0.65  2.45
  2       14 14  1  7  0  0.65  1.16
  2       14 14  8 13  0  0.65  1.61
  2       14 14 14 14  0  0.65  1.61
  2       14 14 15 17  0  0.65  1.61
  2       14 14 18 18  0  0.65  1.98
  2       14 14 19 19  0  0.65  2.45
  2       15 17  1  7  0  0.65  1.16
  2       15 17  8 13  0  0.65  1.61
  2       15 17 14 14  0  0.65  1.61
  2       15 17 15 17  0  0.65  1.61
  2       15 17 18 18  0  0.65  1.98
  2       15 17 19 19  0  0.65  2.45
  2       18 18  1  7  0  0.65  1.53
  2       18 18  8 13  0  0.65  1.98
  2       18 18 14 14  0  0.65  1.98
  2       18 18 15 17  0  0.65  1.98
  2       18 18 18 18  0  0.65  2.35
  2       18 18 19 19  0  0.65  2.82
  2       19 19  1  7  0  0.65  2.00
  2       19 19  8 13  0  0.65  2.45
  2       19 19 14 14  0  0.65  2.45
  2       19 19 15 17  0  0.65  2.45
  2       19 19 18 18  0  0.65  2.82
  0       19 19 19 19  0  0.65  3.29
# Best plane view
  2   506
  2        1  7  0  0  0  0.00
  2        8 13  0  0  0  1.00
  2       14 14  0  0  0  1.00
  2       15 17  0  0  0  1.00
  2       18 18  0  0  0  1.00
  0       19 19  0  0  0  1.00
# Apply ellipsoid scaling [3X9, I9:SCALE2]
  0   604        0        0        0      -50
# Apply incremental positioning and scaling
  0   611    0.000    0.000    0.850
  0  1001    0.040
# All possible bonds (STORE)
# --H--
# H-H:
  2   822
  0        1  7  1  7  1  0.65  0.71  0.01
# H-C:
  2   822
  0        1  7  8 13  1  0.65  1.16  0.01
# H-N:
  2   822
  0        1  7 14 14  1  0.65  1.16  0.01
# H-O:
  2   822
  0        1  7 15 17  1  0.65  1.16  0.01
# H-P:
  2   822
  0        1  7 18 18  1  0.65  1.53  0.01
# H-Cu:
  2   822
  0        1  7 19 19  1  0.65  2.00  0.01
# --C--
# C-C:
  2   822
  0        8 13  8 13  5  0.65  1.61  0.05
# C-N:
  2   822
  0        8 13 14 14  5  0.65  1.61  0.05
# C-O:
  2   822
  0        8 13 15 17  5  0.65  1.61  0.05
# C-P:
  2   822
  0        8 13 18 18  5  0.65  1.98  0.05
# C-Cu:
  2   822
  0        8 13 19 19  5  0.65  2.45  0.05
# --N--
# N-N:
  2   822
  0       14 14 14 14  5  0.65  1.61  0.05
# N-O:
  2   822
  0       14 14 15 17  5  0.65  1.61  0.05
# N-P:
  2   822
  0       14 14 18 18  5  0.65  1.98  0.05
# N-Cu:
  2   822
  0       14 14 19 19  5  0.65  2.45  0.05
# --O--
# O-O:
  2   822
  0       15 17 15 17  5  0.65  1.61  0.05
# O-P:
  2   822
  0       15 17 18 18  5  0.65  1.98  0.05
# O-Cu:
  2   822
  0       15 17 19 19  5  0.65  2.45  0.05
# --P--
# P-P:
  2   822
  0       18 18 18 18  5  0.65  2.35  0.05
# P-Cu:
  2   822
  0       18 18 19 19  5  0.65  2.82  0.05
# --Cu--
# Cu-Cu:
  2   822
  0       19 19 19 19  5  0.65  3.29  0.05
# Explicit bond ORIGs for cell outline (STORE)
  2   821  2055501  2065501  2055501  2056501
  0        0  0  0  0  5  0.00  0.00  0.01
  2   821  2055501  2055601  2066601  2066501
  0        0  0  0  0  5  0.00  0.00  0.01
  2   821  2066601  2065601  2066601  2056601
  0        0  0  0  0  5  0.00  0.00  0.01
  2   821  2056601  2055601  2056601  2056501
  0        0  0  0  0  5  0.00  0.00  0.01
  2   821  2066501  2065501  2066501  2056501
  0        0  0  0  0  5  0.00  0.00  0.01
  2   821  2065601  2055601  2065601  2065501
  0        0  0  0  0  5  0.00  0.00  0.01
# Draw atoms [4I9:STYLE, 3F9:LABEL]
# [2X9, 2I9:ANR]
# Change pen color [I9:COLOR]
  0   204 -2189708
# --H--
  1   704        0        0        0        0    0.000    0.000    0.000
  0              0        0        1        7
# Change pen color [I9:COLOR]
  0   204 -7040363
# --C--
  1   705        4        0        4        0    0.000    0.000    0.000
  0              0        0        8       13
# Change pen color [I9:COLOR]
  0   204 -5921197
# --N--
  1   705        4        0        4        0    0.000    0.000    0.000
  0              0        0       14       14
# Change pen color [I9:COLOR]
  0   204-14062195
# --O--
  1   705        4        0        4        0    0.000    0.000    0.000
  0              0        0       15       17
# Change pen color [I9:COLOR]
  0   204 -5921197
# --P--
  1   705        4        0        4        0    0.000    0.000    0.000
  0              0        0       18       18
# Change pen color [I9:COLOR]
  0   204 -8669563
# --Cu--
  1   705        4        0        4        0    0.000    0.000    0.000
  0              0        0       19       19
# Change pen color [I9:COLOR]
  0   204 -3355443
# Change pen width [F9:WIDTH]
  0   205     0.50
# All possible bonds (DRAW)
# --H--
# H-H:
  2   812
  0        1  7  1  7  1  0.65  0.71  0.01
# H-C:
  2   812
  0        1  7  8 13  1  0.65  1.16  0.01
# H-N:
  2   812
  0        1  7 14 14  1  0.65  1.16  0.01
# H-O:
  2   812
  0        1  7 15 17  1  0.65  1.16  0.01
# H-P:
  2   812
  0        1  7 18 18  1  0.65  1.53  0.01
# H-Cu:
  2   812
  0        1  7 19 19  1  0.65  2.00  0.01
# --C--
# C-C:
  2   812
  0        8 13  8 13  5  0.65  1.61  0.05
# C-N:
  2   812
  0        8 13 14 14  5  0.65  1.61  0.05
# C-O:
  2   812
  0        8 13 15 17  5  0.65  1.61  0.05
# C-P:
  2   812
  0        8 13 18 18  5  0.65  1.98  0.05
# C-Cu:
  2   812
  0        8 13 19 19  5  0.65  2.45  0.05
# --N--
# N-N:
  2   812
  0       14 14 14 14  5  0.65  1.61  0.05
# N-O:
  2   812
  0       14 14 15 17  5  0.65  1.61  0.05
# N-P:
  2   812
  0       14 14 18 18  5  0.65  1.98  0.05
# N-Cu:
  2   812
  0       14 14 19 19  5  0.65  2.45  0.05
# --O--
# O-O:
  2   812
  0       15 17 15 17  5  0.65  1.61  0.05
# O-P:
  2   812
  0       15 17 18 18  5  0.65  1.98  0.05
# O-Cu:
  2   812
  0       15 17 19 19  5  0.65  2.45  0.05
# --P--
# P-P:
  2   812
  0       18 18 18 18  5  0.65  2.35  0.05
# P-Cu:
  2   812
  0       18 18 19 19  5  0.65  2.82  0.05
# --Cu--
# Cu-Cu:
  2   812
  0       19 19 19 19  5  0.65  3.29  0.05
# Change pen color [I9:COLOR]
  0   204-10066329
# Change pen width [F9:WIDTH]
  0   205     0.50
# Explicit bond ORIGs for cell outline (DRAW)
# [2I9:ADR1, 2I9:ADR2]
# [4X3, I3:TYPE, 2X6, F6:RADIUS]
  2   811  2055501  2065501  2055501  2056501
  0        0  0  0  0  5  0.00  0.00  0.01
  2   811  2055501  2055601  2066601  2066501
  0        0  0  0  0  5  0.00  0.00  0.01
  2   811  2066601  2065601  2066601  2056601
  0        0  0  0  0  5  0.00  0.00  0.01
  2   811  2056601  2055601  2056601  2056501
  0        0  0  0  0  5  0.00  0.00  0.01
  2   811  2066501  2065501  2066501  2056501
  0        0  0  0  0  5  0.00  0.00  0.01
  2   811  2065601  2055601  2065601  2065501
  0        0  0  0  0  5  0.00  0.00  0.01
# Close plot
  0   202
# End instructions
  0    -1
